background,16777215
rect_n,16
rect_h,2.312
rect_w,1.365
rect_c,1.109
circ_r,1.972,1.972,1.988
circ_h,1.050,-1.050,0.0
plotB,2,1,1.1,0.0,-1.0,1.1,0.0,+1.0,100
range,-1.5,1.5,-1.5,1.5,-1.1,1.1
line,       0.0000000,     -0.75999999,      -1.0000000,      0.10000000,       99.000000,       255.00000
line,       0.0000000,     -0.96300000,      -1.0000000,      0.10000000,       77.000000,       65280.000
line,       0.0000000,      -1.1660000,      -1.0000000,      0.10000000,       62.000000,       16771180.
line,       0.0000000,      -1.3700000,      -1.0000000,      0.10000000,       51.500000,       65535.000
rect_j,      22410.1
circ_j,      95.2604,      95.2604,      56.7026
